epoch,acc,dice_coef,loss
0,0.9279819980157019,0.0432080991315903,0.4677868104208625
0,0.926786222435125,0.04570391947815501,0.4762439527204327
0,0.986876676645939,0.09831444659864283,0.1546923996867314
0,0.988610729681848,0.18639369636282824,0.06686801917690935
0,0.9895078663609762,0.26451491883613354,0.04353874678632382
0,0.9903226046687379,0.3183351998223968,0.033875208879267545
0,0.9910244042662846,0.35634052735531224,0.028498072199398976
0,0.9915686131661717,0.3874489662657978,0.0257030680502247
0,0.9918052063352453,0.41543913727722337,0.023532408506327214
0,0.9917815169741828,0.40726062764091636,0.022868082251261947
0,0.992374602251804,0.4371755665175043,0.020993828506771305
0,0.9927118934139716,0.4887156929333304,0.019583721675183224
0,0.9918822286237111,0.45460593877876315,0.021236796484124316
0,0.9928417069246206,0.49751591919085036,0.018419249668141697
0,0.9928656375493525,0.4953731752819442,0.018290975377678223
0,0.9931306042363934,0.4864053699389161,0.01760037223264455
0,0.9928935285399808,0.49491849884262745,0.01820275974629429
0,0.9932858232666598,0.5163725514543078,0.01716974407166625
0,0.9932289942921204,0.5024115240540945,0.017170539908686226
0,0.9937873967792084,0.5357797579675344,0.015499237294532226
0,0.9932485138886299,0.5119180561668881,0.017130412475449348
0,0.9932755445239083,0.5289732926751061,0.016900661071097847
0,0.9938268820824088,0.5235117389498916,0.015356256604527494
0,0.9934133424963758,0.5338016374956045,0.01639878182927022
0,0.9939640108896042,0.5440252163113475,0.014997223772770928
0,0.9939249808008744,0.5495847933927772,0.015131610609986374
0,0.9942085612076279,0.556637165893057,0.014493272178838315
0,0.9939050196463283,0.5372763119028383,0.015142999370712987
0,0.9943029590324457,0.5831783220265283,0.01385420120042262
0,0.9942659409916771,0.5684954216910764,0.01406432885913065
0,0.9281182391546791,0.04205713021961782,0.47974631361005415
0,0.9865549310579504,0.0942636321287734,0.15862750534083792
0,0.9889118495021629,0.18486576026041018,0.06651075130999799
0,0.9899321535606658,0.259024783727968,0.043024779690834104
0,0.9908150647875802,0.32546743285718394,0.032907726352051934
0,0.9910103153784121,0.3588544583772373,0.028934226793666015
0,0.9402806593865369,0.0315238984974708,0.44512907918853806
0,0.9818869661317521,0.04619065533845021,0.15827288965834638
0,0.9846784186533926,0.12248788392715138,0.08016108826407385
0,0.9837306120515155,0.12179078894800448,0.07178671928322686
0,0.985927900437239,0.19170410829036857,0.05273116186154486
0,0.9386776534924928,0.03311280309860687,0.4668666897852836
0,0.9841897186060794,0.06118436042271808,0.15661133070051814
0,0.9296742578110433,0.04272962472150278,0.46455367176231166
0,0.9867213347077655,0.09951142757215116,0.15046621480320974
0,0.9888445915640965,0.1890805162729217,0.06584197819357414
0,0.989383146700256,0.25127450574282606,0.044342330512468456
0,0.9904428495712099,0.3245075014032092,0.0335561670496313
0,0.9910403231163298,0.35158458164383116,0.028464212321269555
0,0.9916123092032275,0.3982763273669529,0.024780889847460325
0,0.9917521192236561,0.4040920227427036,0.023766058154275245
0,0.9915858748989059,0.41925941196257505,0.02344892620773617
0,0.9922066736335117,0.4508181737421143,0.02090730802889531
0,0.9917673506998503,0.4617045843358651,0.02225283851545873
0,0.992776511108107,0.4838634760286837,0.01887043865163075
0,0.9929890097752392,0.4981538750637469,0.018222304290551737
0,0.9929149054115314,0.4928001140502072,0.01817566344874571
0,0.9933943873658101,0.504500114259703,0.01656166219520927
0,0.9931331170202724,0.49110405522674827,0.01753368482245399
0,0.9935550416568583,0.5288651827328253,0.01616716574930846
0,0.9939057616459157,0.5415985598997102,0.0155306420903564
0,0.9933600915075771,0.523040450000338,0.016480065489894665
0,0.9935723625674737,0.5210764314703558,0.01631967894818249
0,0.9937382427206471,0.5353677272125645,0.015802801182012348
0,0.994043281937556,0.5630182793014127,0.01459253573588619
0,0.993594882027346,0.5310949489470407,0.01582969626873567
0,0.9938916636537538,0.5403442671075869,0.015252775890395092
0,0.9939474456350104,0.536301120171859,0.015026823382047817
0,0.9943782742666458,0.5592426748611233,0.013670248707405208
0,0.9938185562097371,0.5459265422272143,0.01508031388234735
0,0.9938069710014543,0.540476756287363,0.015350108152713298
0,0.9944070574776369,0.5746713495848874,0.013638405606123121
0,0.9940270489895259,0.5636599262162064,0.014561807655520695
0,0.9945066948210141,0.5936232870571073,0.013377027827789307
0,0.9945818006565577,0.6014115034557016,0.013124005300255974
0,0.9946268942020389,0.5886168057658279,0.01297146055727518
0,0.9944332550704337,0.5697692498350921,0.013519977314910586
0,0.9945347496888518,0.575641404763742,0.013127760862844645
0,0.9946883390513126,0.5899094023062739,0.012837056630919105
0,0.994620539408026,0.5819927675925698,0.012936354889283663
0,0.9945858975867952,0.5868962224062225,0.012997913449914595
0,0.9949054490410343,0.6049388304940672,0.012145634186524272
0,0.9949623918191914,0.6122617334579473,0.012195884368690381
0,0.995120419522743,0.6151903070673915,0.011723899638290274
0,0.9947396144093079,0.6075282645412345,0.012602992379457355
0,0.9952070149715305,0.619651633474269,0.011441550051784703
0,0.9952349105143035,0.6216440522392571,0.011353056243158764
0,0.995255008233191,0.6305924607329693,0.01122867129347176
0,0.995290879133493,0.6195446698246235,0.011193763304757107
0,0.9952583039859598,0.6334237496462775,0.011195009280433965
0,0.995045850840275,0.611378912789442,0.012125688540499334
0,0.9953778842753044,0.6257944323299208,0.011034316097473424
0,0.994694639219589,0.5971296998760888,0.01290992236033047
0,0.9953496473216783,0.6303429576231563,0.010949953992197527
0,0.9955900551880175,0.6564080410965925,0.010456638555998219
0,0.9953318985094604,0.6244155022648812,0.011021293649408754
0,0.9954846366208607,0.6425411751047043,0.010627162601178979
0,0.9956510129578073,0.6447356609588151,0.010265516031483886
0,0.995671452087548,0.6427111580997354,0.010189053709433288
0,0.995594807627093,0.6337423130652038,0.010399994498923038
0,0.9955922584260563,0.6547231758452356,0.010311332924383456
0,0.995742929863759,0.6374366800078505,0.010037213733653787
0,0.9957487110875387,0.6453110758200741,0.009968957390932384
0,0.9956616786328591,0.6532636318669203,0.01020020230022828
0,0.9957576014261542,0.6519447130846806,0.010008267011508518
0,0.995522783593517,0.6454787176949259,0.0106893825295824
0,0.9953696995191187,0.6458313794928016,0.010848728763305627
0,0.9952877381536442,0.6266267067394503,0.01110177795270002
0,0.9959746977594417,0.6925623845447939,0.009383354796787672
0,0.995898968280073,0.6850765435086776,0.009581010251873209
0,0.995985868722556,0.668637732227793,0.009390560679458718
0,0.9960279578525297,0.6623552602966959,0.00930447821287228
0,0.9961271672943043,0.6683908140904722,0.009001365421123987
0,0.9959442074941849,0.680389028072006,0.009447820963184372
0,0.9953557107784299,0.6350009615272335,0.011291615784734414
0,0.9961050802881791,0.6557757570569432,0.009083701879361425
0,0.9962726128698818,0.6728128079827297,0.008632780823647412
0,0.9962834606307218,0.7008615809677253,0.008605671025733128
0,0.995569315616726,0.6387049629350764,0.010555231584660636
0,0.9961802999273405,0.6895253796559405,0.00889706610754195
0,0.9958720924177147,0.6851843218652527,0.00966088425197702
0,0.9962280883424891,0.6615615160688469,0.008824694939960001
0,0.9963146200612507,0.6737594148763711,0.008621275564320517
0,0.9963868079720363,0.7094621081110801,0.008341552998439541
0,0.9957883602679487,0.660403621353838,0.00978918722051456
0,0.9963359013377624,0.6904932934194048,0.008530181785686843
0,0.9964599472810659,0.687955948842027,0.008204783003361788
0,0.9965134486378235,0.7011622495211323,0.008106656552991767
0,0.9964397494149948,0.6740546028156429,0.00823217748837727
0,0.9964991913205968,0.6928344483582886,0.00812126760283197
0,0.9963968636596972,0.7175560350116422,0.008354939477232927
0,0.9965106536209726,0.6915715287310606,0.008101162596617075
0,0.9964557502036447,0.6820042480154492,0.008277302304569864
0,0.9964350971231029,0.6833378140145562,0.008318216657654443
0,0.9965430785477304,0.6981515753091821,0.00803773449757904
0,0.9965292218192381,0.6959031144460455,0.008063327707582078
0,0.9964588775270594,0.7077014322474884,0.008216282438840298
0,0.9966459160488375,0.7057900020095846,0.007794482303175139
0,0.9965773061237927,0.6980450646490579,0.007999703891900306
0,0.9965952233653649,0.6935463963809416,0.007920377593156905
0,0.9966696463792023,0.7121924904029514,0.007725566996807851
0,0.996694892573755,0.7076895955643285,0.007657116630746026
0,0.9966778265832432,0.7140295149609536,0.007648942496768209
0,0.996795499523955,0.7244174946566292,0.007421234755809364
0,0.9967537836698472,0.7077094706571117,0.007504198399832763
0,0.9968132028147259,0.7205162301730711,0.007386217884815783
0,0.9967981079028728,0.7118119588260692,0.007426620784132207
0,0.9968021866245316,0.7240806575470019,0.007395616511066018
0,0.9968102985464019,0.7325765102649405,0.007370070345692286
0,0.9967738131065642,0.7373883812110382,0.007462555422812774
0,0.9968839385913494,0.71857048859842,0.007213412366959596
0,0.9968939760704314,0.7291410003359783,0.007166413383021013
0,0.9969237789618371,0.73086549813119,0.007076251330132927
0,0.9968737326829132,0.7325722285266298,0.00725640362275489
0,0.9968906029312025,0.7288017261852254,0.0072191598320845134
0,0.9968720529415158,0.7331231603919037,0.007198366126960845
0,0.9968873891170383,0.7087277452531437,0.007206925479670542
0,0.9970536425460779,0.7432675999378106,0.006813011729356214
0,0.9964511161203317,0.6975756184026256,0.008446671382515668
0,0.9963815730056217,0.6832947926109586,0.008848559354827815
0,0.9968527336393734,0.7150182635412242,0.0073131137901924674
0,0.9970736310134924,0.7381104760234264,0.0067497144532212465
0,0.997045289360538,0.7086628152597652,0.006826100319832658
0,0.9970920034695354,0.7414231946834126,0.006701592567954806
0,0.9970674082316761,0.7273594224825501,0.006792682142000983
0,0.9971323536802306,0.7254335679328358,0.006632004307104324
0,0.9971989196923012,0.762407516811692,0.006466225274788201
0,0.9972063806574782,0.7483609167432195,0.006437926947461134
0,0.9972023611137008,0.7580039715105423,0.006454660084774616
0,0.997182923455796,0.7380522938294065,0.00653542117637056
0,0.9969746764918216,0.7307105108093679,0.007058032865764882
0,0.9969743532895473,0.7263010674926423,0.007060033210856092
0,0.9970523724977043,0.7332839190133076,0.006866478136181678
0,0.9970858671784686,0.7261653418101477,0.006717260471663208
0,0.997208165098204,0.741707139926338,0.006460241536558307
0,0.9972413001595363,0.7430469240384234,0.0063735071022699335
0,0.9973068328347582,0.7612438082165999,0.0062058879446183855
0,0.9972653536921754,0.7536884380764548,0.006364306859310581
0,0.9971879262628305,0.7470646021823201,0.006578659897276033
0,0.997301870997026,0.7366162202474361,0.006207396104487512
0,0.9972832891423264,0.7523324338203576,0.0062497196185500445
0,0.9972842769577281,0.7457829308618296,0.006280389558674449
0,0.9973746461344789,0.7362193326101258,0.006046239313464109
0,0.9972712532717174,0.7379523653210294,0.006327285549234152
0,0.997093086879976,0.723750827528663,0.006886172724640121
0,0.9972963537976395,0.7611979326824513,0.006253270276180407
0,0.9973613720805093,0.7531500976279307,0.006096314725354919
0,0.9973822709768655,0.7584138217110961,0.006032767350053575
0,0.9973814834558309,0.7762847564578821,0.006059895250312719
0,0.9973903510337229,0.7564159009521183,0.006026061208465194
0,0.9973818157623947,0.7599139981058499,0.00606039627563229
0,0.9973928365047336,0.7588469095101362,0.006011878978389613
0,0.9974198580357226,0.7630244214910133,0.005951450134405708
0,0.9974646283789296,0.7584888522462088,0.005853149158587027
0,0.9973234572672331,0.7580605948050473,0.0061822123208178995
0,0.9974100345074419,0.7349626593033923,0.006003939637395545
0,0.9974991290836744,0.7760613843251847,0.0057735375169262046
0,0.997546589744404,0.7596609300126929,0.005666697184323678
0,0.997533757248471,0.7561445935120303,0.005668206487892159
0,0.9975374763506978,0.7674857764315918,0.0056652124134446615
0,0.9974285253192474,0.7548303414671849,0.005998192404674742
0,0.9975386325954537,0.7763501169217799,0.005673874880310445
0,0.9975656313657192,0.7753648803122608,0.005611336784431516
0,0.9975644432559503,0.7727803671665863,0.005610167130648983
0,0.9965057236482534,0.7115638096232538,0.008605591940954529
0,0.9973020667392485,0.7185307560613055,0.006315177282840414
0,0.9975695097930107,0.764248144568382,0.005602531542572772
0,0.997610465438952,0.7701274404382258,0.005492610086548666
0,0.9976204847094552,0.7793924837953329,0.005484378275798707
0,0.9976546849726493,0.76173159451644,0.0054110847384854985
0,0.9976468461794614,0.7661667705117892,0.005435056778128835
0,0.9976658786964872,0.7691590795637973,0.00538385457124939
0,0.9976745960536038,0.7647422648708476,0.0053664281344426076
0,0.9973050438418878,0.7485329990024036,0.00636993200427033
0,0.9975858838575268,0.7838790783523037,0.0055792956613305925
0,0.9976590459272799,0.7669346677806219,0.0053970581088681625
0,0.997658731829295,0.7765447642845335,0.0053899166754054284
0,0.9977338922905751,0.7780484975113362,0.005229933664159989
0,0.9977552464014021,0.8004474059405219,0.005177273413186183
0,0.9977020910076424,0.7660800100155264,0.005311625756744944
0,0.9977062653243399,0.7762957629803257,0.005285988684163233
0,0.9976291793058482,0.7762418240003137,0.00549877468519535
0,0.997667722315094,0.7659643247616889,0.005389115380274403
0,0.997755888253806,0.8050344018865742,0.005178149869837383
0,0.9977896651675422,0.7820220818200765,0.005083653449703179
0,0.9977624797593437,0.7787537592861064,0.005165218677727412
0,0.9977430056842813,0.7853905330734385,0.005209197043641672
0,0.9976800358665302,0.7745282459861836,0.005374007754259606
0,0.9977563480204216,0.7756498138973743,0.005166366088725185
0,0.997681396957798,0.7770788309887843,0.005403943778553677
0,0.9977443075976679,0.777746447424242,0.005199889834035831
0,0.9978159765639567,0.7712079717117519,0.005030685948749035
0,0.9978028572829071,0.7882264296041895,0.005041642275932591
0,0.997778321222929,0.7808236198984353,0.005147717340807464
0,0.9977958151150432,0.7875504016938457,0.0051049606410323925
0,0.9977382395887716,0.7866068111436979,0.005213797526750768
0,0.9976935056627223,0.7707732041646462,0.00534100072978435
0,0.9978055794654428,0.7749374302032989,0.005038277347896431
0,0.9978839400844528,0.7882008491204007,0.004898875379237882
0,0.9977304736298991,0.7824424407922781,0.005247815819439851
0,0.9978360606264101,0.7945968806254622,0.004993839326707009
0,0.997797567690756,0.782920261512695,0.005084387844559378
0,0.997825790987948,0.7908089652958689,0.005007430050737511
0,0.9978833801706537,0.8096732130465331,0.004878549016442936
0,0.9979142892332237,0.7968086513795118,0.004818757870660123
0,0.9978410770898787,0.782052211163939,0.004999775596287711
0,0.9977403699924952,0.779728243279722,0.005244658520760976
0,0.9978811723804701,0.8048635025454245,0.00489176081469277
0,0.9979191099544699,0.7825745019021495,0.004797057159373897
0,0.9979424988739815,0.8057612752350746,0.004737508380795157
0,0.9979207032051177,0.7931594359388393,0.004797813701457679
0,0.9972913874077626,0.7394940055860095,0.006334915678008723
0,0.9978733882130189,0.7814985809554312,0.004938990578886491
0,0.9979602203733312,0.7988688343766908,0.004694578701593577
0,0.9979428721498476,0.7908850882851423,0.004742868549094277
0,0.9979819796250373,0.8013900895391842,0.004651505172608013
0,0.9979471875830311,0.7893458710569968,0.00473060057047427
0,0.9979684870681217,0.7989715605008423,0.004705822358626279
0,0.9980137809079701,0.7953058046851138,0.004563199372378743
0,0.9979973476655728,0.7980668264572333,0.004627710202130011
0,0.9979937241583849,0.813721595140872,0.004618142527074476
0,0.9978838945630057,0.789788841369933,0.0048719244418069935
0,0.9979828399803872,0.8038191582350759,0.004635998531967377
0,0.9979742136661648,0.8013957521315833,0.004654803499129132
0,0.9980183922305597,0.8248990815875247,0.004549224844733679
0,0.9980393002312052,0.8120331333578966,0.004505927135823552
0,0.9980655934190409,0.8104518930958962,0.004480429069159063
0,0.9979417705308281,0.7956973689125945,0.0047616773656153
0,0.9976302399555652,0.7619602243245973,0.0055909947827248565
0,0.9975637422256651,0.7675306852145658,0.005679912184906527
0,0.9976809007740248,0.7691144358082219,0.0053849365349704385
0,0.9979338725597591,0.8079559119120419,0.004753241075113714
0,0.9980640912112871,0.8141199410570727,0.004461356943912009
0,0.9980938895505482,0.7958208991299096,0.004398192944424641
0,0.9981002215838375,0.8180079348385334,0.004361640696738168
0,0.9980308150334688,0.8059412556431459,0.00455116606954465
0,0.9981031167478721,0.8101186783481967,0.00437473217585878
0,0.9980901476875979,0.8082873623102441,0.004400706041817779
0,0.998083073654721,0.8081485870514323,0.004428843883305965
0,0.9980753805301639,0.8110449782690491,0.004443498099753555
0,0.9980580232023908,0.8097044654448377,0.0044878960681621815
0,0.9980590838521078,0.8250463652849055,0.004468904307313159
0,0.9980636451011057,0.8077889710847013,0.0044613478062626956
0,0.998092815244397,0.8148249578828921,0.004382954127302513
0,0.998081434882626,0.8147585519893997,0.004431039606408793
0,0.9980359453005552,0.8021984765715097,0.004553874883417641
0,0.9980522146657429,0.7999301493670213,0.004510467254541799
0,0.9980895285959176,0.8013687068663164,0.004419012209776857
0,0.9981225316450534,0.8073520218989054,0.004312008885344897
0,0.9980676282277255,0.8015822995596328,0.004476418654720611
0,0.9981201007997791,0.815195245570492,0.004330649385641238
0,0.998150946132323,0.8323607476236997,0.0042494705209702175
0,0.9981260413486235,0.8084995067663944,0.004330116241382238
0,0.9981248668952887,0.8107232103915551,0.004338611660642009
0,0.9981713351884719,0.8158429678671756,0.004202895537188476
0,0.9980860689659392,0.8117263605884835,0.004427910851864064
0,0.9980930291951983,0.791049051005171,0.004400299055827947
0,0.9981613705437052,0.8169994101924088,0.004239878262439489
0,0.9981671699760637,0.8163126779871333,0.004215527909686063
0,0.9981236651290857,0.8176464534504673,0.004321755541614495
0,0.9981668604302235,0.8121932695313026,0.004233404171945471
0,0.9981550976882971,0.8168932675141708,0.0042615215402781355
0,0.9982110389946184,0.8195198610878431,0.004127768251147203
0,0.9981741802789147,0.8214477720394784,0.004217512009272208
0,0.9981486700599689,0.8167051446284023,0.004274691939583769
0,0.9982026812569338,0.8227545018341206,0.0041344871715860085
0,0.9982180720581929,0.8142508481560289,0.004112079943296346
0,0.9981988346946552,0.8344710867558572,0.004153459555009531
0,0.9981796565089989,0.813839093446376,0.004195182454320876
0,0.9982268713539142,0.8267990789934103,0.004069790010212023
0,0.9982249776617155,0.8211500209029364,0.00409726989485682
0,0.9982114259269186,0.8279472552551077,0.004125780471950619
0,0.9982386659608536,0.8213903276618739,0.004055625550205879
0,0.998257734895037,0.8297321317019497,0.004011250769532898
0,0.9982533147625252,0.8330919076477429,0.004030078901232215
0,0.9982613720586591,0.8308227117704605,0.003999695168976401
0,0.9981506274821935,0.8088429272185949,0.004321622647922771
0,0.9981794607667763,0.8064085450067867,0.00424631019963454
0,0.9982156867343657,0.8137020497543399,0.0041042217833435245
0,0.9982560278407714,0.8281735735889836,0.004010269956831762
0,0.9982533602839723,0.8294410134414499,0.004039835060980175
